-1.00000E-002  0.0000e+00  
-9.52132E-003  1.5175e-01  
-8.96857E-003  3.0431e-01  
-8.27161E-003  4.6168e-01  
-7.46652E-003  5.9657e-01  
-6.57730E-003  7.1058e-01  
-5.53188E-003  8.0051e-01  
-4.30620E-003  8.7920e-01  
-3.02045E-003  9.3540e-01  
-1.86688E-003  9.6752e-01  
0.00000E+000   1.0000e+00
9.82349E-007   9.9398e-01
4.49657E-005   3.6322e-02
4.61814E-005   1.6620e-02
4.70129E-005   8.1387e-03
4.76798E-005   4.2555e-03
4.92797E-005   2.5182e-03
5.05503E-005   1.2920e-03
5.19580E-005   0.0000e+00