-8.0000E-04   0.0000E+00  0.0000e+00  
-7.5465E-04   7.3066E-02  7.3066e-02
-6.3103E-04   2.0314E-01  2.0314e-01
-4.5168E-04   3.9102E-01  3.9102e-01
-3.1084E-04   5.5482E-01  5.5482e-01
-1.7304E-04   7.3949E-01  7.3949e-01
 0.0000E+00   1.0000E+00  1.0000e+00
 1.4000E-07   9.8141E-01  9.8141e-01
 3.2000E-07   9.1650E-01  9.1650e-01
 5.0000E-07   8.2811E-01  8.2811e-01
 1.0200E-06   5.4882E-01  5.4882e-01
 1.2200E-06   4.5553E-01  4.5553e-01
 1.4200E-06   3.7384E-01  3.7384e-01
 1.6100E-06   3.0718E-01  3.0718e-01
 1.8100E-06   2.4789E-01  2.4789e-01
 2.2400E-06   1.5292E-01  1.5292e-01
 2.5000E-06   1.1280E-01  1.1280e-01
 2.7900E-06   7.9576E-02  7.9576e-02
 3.4600E-06   3.4258E-02  3.4258e-02
 4.3300E-06   1.0385E-02  1.0385e-02
 5.6900E-06   0.0000E+00  0.0000e+00