-8.0000E-004     0.0000E+000
-6.8565E-004     1.8066E-001
-4.4409E-004     4.6971E-001
-1.9692E-004     7.6518E-001
 0.0000E+000     1.0000E+000
 2.7000E-007     9.9658E-001
 6.0000E-007     9.7935E-001
 1.3400E-006     9.0833E-001
 2.0800E-006     8.1070E-001
 4.1400E-006     5.1080E-001
 4.8900E-006     4.1546E-001
 5.6200E-006     3.3392E-001
 7.0000E-006     2.1119E-001
 8.4600E-006     1.2174E-001
 9.3600E-006     8.3390E-002
 1.0340E-005     5.2972E-002
 1.2630E-005     1.3753E-002
 1.5310E-005     0.0000E+000